Encoding 500 train data
0% 5% 10% 15% 20% 25% 30% 35% 40% 45% 50% 55% 60% 65% 70% 75% 80% 85% 90% 95% 

Encoding 250 test data
0% 5% 10% 15% 20% 25% 30% 35% 40% 45% 50% 55% 60% 65% 70% 75% 80% 85% 90% 95% 

Cosine similarities
0.7710687161867625
0.7826463174547591
0.8618580172643617
0.8434354688774199
0.8133207812477368
0.8113080482542679
0.7968771033650311
0.8284934894663873
0.7765801910084357
0.8897846791474491
0.8606903329775578
0.850645600299209
0.7509524470267533
0.8224171738740158
0.8406362897355417
0.8120170286480942
0.8231563542709655
0.8241927059925676
0.8748157702417222
0.8618246385124438
0.8416080207270206
0.7830025284508381
0.7853903601524689
0.8411414817628046
0.8662655839643418
0.8198608804587463
0.8169622398268304
0.8364519616648441
0.8421815396187081
0.7848204988606668
0.7894386686549393
0.7756331137360732
0.8082515964523149
0.7861370259054129
0.776806636297988
0.8120038939482677
0.81105119599116
0.8354332312384728
0.8629872181110206
0.8842815428066765
0.8093646154376717
0.791349533663662
0.7619282508189312
0.8520269710588804
0.775979805247187
0.7765201204393468
0.8287868205087363
0.867898497734503
0.765307090738624
0.7897461959646586
0.8493839011658079
0.816753156967549
0.8457119040083716
0.7590874448035035
0.7823472176095657
0.7965853205039257
0.8165098110643063
0.7129890986640577
0.8015627334017547
0.8271741141806344
0.7989936413205735
0.7404531315849076
0.8837101117504564
0.8257749064093164
0.7824282258895447
0.8061238606848122
0.7207469214207718
0.7892902200554444
0.8177360728286659
0.8772708962910555
0.8990675215248718
0.847074667969274
0.8258301736599434
0.7731206425300692
0.7413733178935888
0.8489625060365846
0.762457998707015
0.8728997195333585
0.8390555463742525
0.8438018993525364
0.8080431932358725
0.7600418157972267
0.7921679362139834
0.8689881179657055
0.8111704446978042
0.858454195266103
0.8282336342572394
0.8591727994659251
0.7924613336017635
0.9091063282631293
0.731620052381401
0.8940085650560705
0.7949674424173899
0.763775149893974
0.8039323330517649
0.9169494160857624
0.8408652298519931
0.7713477675062843
0.771175137215172
0.7626192813450854
0.9295074800989813
0.7536053620764438
0.8153485332122398
0.8029770792136158
0.8292972026967237
0.8397527312109113
0.8437952940751545
0.8386141350054556
0.8875203098443823
0.8366921698535779
0.835096486943331
0.7695980942208518
0.7625365281962121
0.8696636703452448
0.798273256358163
0.8234947224820185
0.8470890091104266
0.8113568263340746
0.8201105357728489
0.8027560283649889
0.8000872738919667
0.8552876907104954
0.783926507883115
0.8645650548250039
0.7597177110807805
0.8406963093040986
0.7784164546085953
0.8541333959444329
0.6982832793443919
0.8458936634269778
0.8282955268980015
0.8207706830889188
0.8693805659121542
0.7674486656256224
0.8681886052430561
0.8128892622782176
0.7826525756380821
0.8295947475860146
0.8372317854864011
0.866597326413627
0.6969696026967835
0.7862615333456916
0.8544415755636159
0.8478136526810851
0.7851160496998721
0.821419329866392
0.8504808540498433
0.8486891150974492
0.7938177470068308
0.8096860168766042
0.9281454597272335
0.7698292421539222
0.8346891850596387
0.6505385598961372
0.7601565188515198
0.8248137961459058
0.8103832897622952
0.8592284289349529
0.755894429001798
0.7606292739477314
0.8111622223560512
0.7998613481832485
0.842452925605865
0.9166146649836359
0.897433319703869
0.7998008434427231
0.8637997907332637
0.745578983708206
0.845083054052485
0.816999940933632
0.8079686382102835
0.8473191311722299
0.6944643294103618
0.8033254969403372
0.881590565784187
0.9000944431392225
0.6866836423252916
0.7545384997804844
0.8435143651801551
0.8426455484329441
0.8410415025446147
0.7695702729291568
0.7758812239183547
0.8288801303565347
0.795652610607338
0.8123780175164471
0.8607971320723485
0.7598214100241238
0.8038646411060836
0.8512740147302518
0.876111612650421
0.7955617474996051
0.7617247245143107
0.7007920725238482
0.834012860589808
0.7138939530743654
0.7610555881411342
0.8979055584751828
0.7992238025799394
0.7829528611808763
0.8218765320181703
0.8430396230219155
0.7983819532827598
0.8514309369025466
0.7438366191902643
0.683213970521126
0.8465688317541215
0.8228237914799637
0.83080285396242
0.8339403526710055
0.8264538756001889
0.7886924409146486
0.8140590099173516
0.8210790438125846
0.78462085533447
0.7637692591848606
0.7581108385131802
0.8128173182867416
0.8682917634427353
0.854153077553142
0.8486018839177996
0.7488270374563382
0.8368150531727322
0.8740691721311673
0.7769497180511169
0.835931394468687
0.8404909412651648
0.7774668959590232
0.6562513944915718
0.7578427492734146
0.7384405175247175
0.7687959873712675
0.7974706256675603
0.7376883028986911
0.774257647960722
0.7932118238240936
0.878206358597424
0.7554673367074143
0.8221681076425628
0.8862836082475101
0.6425217282101873
0.8797251803589757
0.7807131773201518
0.860832155876812
0.8492343901455984
0.8048379536586867
0.7545728436152597
0.8319637787122287
0.8564996674996193
0.8686503882785387
0.8131146116925536
0.7776613188348723
0.8373854595389522
0.7927832944230317
0.8390702902805268
0.8156695628710549
0.8703978291885196
0.8420122299972534
0.8118307807809799
0.7629570389237004
0.7773312080347761
0.8721932412383433
0.8523835700447359
0.8137849141105489
0.7652665784585921
0.8008142084429015
0.809705308373915
0.7611548294134028
0.8347333716670009
0.8132803026599724
0.7303578345862866
0.8250517712975437
0.7482470126302215
0.8090871147514848
0.7699215043016606
0.8627168190194954
0.8002432657384398
0.7556485689386316
0.8255221237779863
0.7881321847533111
0.8218642547567185
0.7800053778494779
0.851310327886697
0.8236031135679022
0.7962730121723004
0.7739808340086213
0.6987872192022566
0.8433865599526382
0.8139724277398023
0.7669358061198904
0.8964189955754206
0.8280262508059382
0.8043084001986098
0.7575827336447916
0.8226094115151743
0.7947550343206096
0.8155596702310066
0.7863727927815123
0.828149444160369
0.8409360410305154
0.832709736748851
0.8125895919152308
0.7563314175924706
0.7993371818313398
0.7260537919145166
0.7917039806714725
0.7591711972856905
0.8482228883549038
0.85677265896416
0.8352036840840944
0.8232263646879316
0.8051026898668322
0.8046937786827665
0.8407595878927822
0.8248248945008958
0.8273511232254246
0.840423087852556
0.7659547714732627
0.8048360994000383
0.81095558885745
0.8214479501111699
0.7785663722554585
0.8388882538536624
0.8391408144303648
0.8284742374269011
0.763849909209947
0.7850966739696189
0.807828007311197
0.767518169102343
0.7493909848150887
0.7858748033295283
0.8403168453287673
0.8818502876431777
0.8793710564150072
0.7441953221539006
0.7712076230269392
0.7789248838133479
0.8201946727502425
0.8680682200224968
0.8531032916652876
0.7171547141747723
0.8336972645684506
0.8256603194888127
0.8423389623355384
0.7743159426347638
0.8614862849268473
0.775342625327899
0.8140048421626297
0.8700957432987255
0.768034514793139
0.7798292542664497
0.8092256263707458
0.8274159213546463
0.8039822300379151
0.731514663649587
0.9022561443419064
0.8327128362908154
0.8607889404045733
0.8006138298938221
0.7967695079052493
0.8660014134951504
0.8704657662084748
0.7908728252935154
0.809777332356557
0.8185690905870799
0.7238891839361433
0.7926118136145774
0.8374142255188298
0.8550298864575212
0.7628878503120737
0.8375015491219648
0.870381305963273
0.8909884955233258
0.7723968918782479
0.8099918610770636
0.8471556758489392
0.780291303961247
0.7694240346474283
0.8248400371968079
0.8442632557257118
0.8327566459244251
0.7853918251667655
0.8580810499160045
0.8217990719944547
0.8051864330259124
0.8875675796355872
0.8260477651334919
0.8370040057824297
0.7842862662192112
0.8027181139745441
0.7840261046496613
0.7842814743920306
0.8079167396015374
0.8024491167207044
0.6566922817738137
0.8449578159788325
0.9022723266956003
0.7924404837644685
0.8073185768885969
0.8083512087226981
0.7797858745084009
0.8663219302008621
0.8456796733128843
0.7590241772060584
0.7524318611830343
0.6842848549060975
0.8618414600493439
0.8446328402490069
0.8634879528403859
0.8431849567885318
0.7861944034025783
0.8057170878407056
0.8764846096255103
0.7903546503190938
0.8144165614461181
0.8226497736619628
0.7948851192950893
0.7232678698134368
0.7742765421200997
0.7082737587603604
0.8406208678948478
0.8135674129105722
0.7781450985731477
0.8259112335187542
0.8754799935395503
0.8343023115114572
0.8728448942425292
0.7791785321352434
0.8122279411571943
0.8083048993317122
0.7817690583576414
0.7797026115154442
0.8795762659732083
0.8199198733463735
0.7906857788572348
0.8595383117285696
0.8038737679385547
0.895192952014818
0.8752794119111582
0.7987395339301165
0.7995034948098697
0.8578002932185542
0.8364299113930083
0.8230165319535229
0.8025954093451217
0.8920348482232704
0.8763387614089196
0.9149226285175222
0.8262410176691085
0.7587363636411992
0.7573063108483354
0.819528480401203
0.8880660300521047
0.7178856789890565
0.8293524617846011
0.884005639041441
0.8451001051048924
0.8149879217780207
0.8088129644479745
0.6859448454089858
0.8242255478536739
0.7963512319405848
0.8994626600537705
0.8658573459401955
0.7338154495328252
0.840773351642891
0.8432068561426465
0.891318981727335
0.8289952074559322
0.8253900656752517
0.8261361531141368
0.7308264037431711
0.8198164537897077
0.798733606981818
0.8787664786941815
0.7728680119968133
0.9193834646467645
0.8484986358800185
0.8343435973946018
0.8490014282291222
0.7846703323598635
0.811422134308228
0.911747430280343
0.8009815875215681
0.7762027123771323
0.8498608823369859
0.7661001841424602
0.9256926927493038
0.8870651780690073
0.8515113676676438
0.8101791161201777
0.7348549404045472
0.8093441914300339
0.8666907424818556
0.8360550586884696
0.8422502700558893
0.8136466483837744
0.7687430830566292
0.7794090621946917
0.8304207097822287

test_accuracy=0.5
